3.1956048
3.3844802
1.9130696
3.0649438
3.0829015
1.7622912
1.4047885
3.0737967
2.1469746
0.5630021
2.636577
2.4580443
1.9250004
1.5739757
3.8395522
1.8736352
2.340586
1.795645
2.1982849
1.8480124
1.9259193
0.59315366
2.9349732
2.0696716
2.2380075
1.8151054
4.2160816
2.0145578
2.384579
2.2283304
2.383429
1.785402
2.1656406
1.8213751
2.4858048
2.3304217
2.3005621
2.8299181
0.11005178
2.2906847
3.046609
2.345698
2.2863176
1.7508962
2.1323044
2.1247725
2.0902507
1.9076954
2.4573042
2.6438732
1.9392116
6.6479397
1.3695846
1.5266143
1.7996622
2.625447
5.317646
3.0621579
1.1629053
2.6487038
2.349949
2.266844
1.2222167
3.076853
3.0982392
2.3394535
2.1570315
1.4883904
2.4085946
2.3027759
2.676942
5.256379
2.8813994
4.023421
0.6269302
2.6259823
2.2686193
2.4072783
2.7945673
2.3681936
3.0350974
3.0900412
1.8538184
3.211547
2.812113
2.7459283
1.7081653
2.0992422
2.806655
2.7606497
2.5947595
1.2719824
3.1556623
2.6410992
2.623757
1.6601869
1.8434815
2.2860594
1.4996779
2.7161472