1.5428532
1.4327785
3.4555426
1.4501196
2.3258195
0.6431696
2.0410888
3.351552
1.5176408
3.2821155
0.80281645
1.5767859
2.3789914
1.9840704
2.3657558
2.2018526
1.260432
1.1795628
1.3420327
0.116905004
0.49109903
0.097412124
0.7186447
0.09664636
3.8613958
1.2304815
2.581385
2.4846456
1.5959253
0.32084942
0.7952665
0.96030307
3.7668056
2.3120651
0.14320606
0.8066095
0.4966769
4.475141
1.4915248
1.2871441
0.3833158
4.5035005
2.9300408
1.5060854
2.0131266
0.2367152
2.8878999
3.0806985
2.4927313
2.1639128
2.0779884
2.2959905
2.98716
1.3006114
2.1447098
4.214518
2.280195
1.0994189
1.2155472
1.6951016
1.0847931
0.99735004
3.0789087
2.5445626
1.37918
1.4224226
2.0185816
0.9767074
2.1900494
2.6646602
0.20304403
1.2820382
0.09093457
0.83148736
1.9246157
1.7519372
3.3286395
1.0719266
0.4249312
2.3028278
2.7290602
2.45354
2.2928932
3.0338352
2.052899
2.1598794
1.7950919
1.2077823
2.2224767
2.111191
1.6039137
1.5061002
0.96548957
1.1986153
0.15087475
2.423151
0.49795443
0.45560703
1.8219821
1.2479411