1.018339
1.211123
1.8033527
1.0193048
1.3806149
1.9727226
1.2773101
1.4242017
1.6184524
1.5340829
1.1784391
1.1270475
1.2737998
0.923895
1.308539
1.5398244
1.2390518
2.720094
2.1058145
1.6371298
1.8381779
1.6500425
1.3021137
3.2138789
1.0757917
1.6206251
1.3902097
0.9029571
1.2483248
1.019541
1.8344872
1.3192759
1.2411187
1.7514896
0.627303
1.7222099
1.1281891
1.0391347
1.7069341
1.5091887
1.36692
2.0498247
1.1683525
1.710926
1.8372016
0.90117866
0.7136927
0.88411915
1.2019697
1.5075918
2.1793237
1.1492804
1.2640601
1.3367481
0.58150595
1.6222407
1.1853213
1.2811816
1.8426219
1.4550937
1.341101
1.5812336
1.6229067
1.9077703
1.9301425
0.96614105
1.1148605
1.3734072
1.6014464
1.1672719
2.0320215
1.3943864
1.218938
1.9414594
1.3992332
2.5672762
1.6611593
1.6637065
1.1531914
3.241185
1.3202062
1.1245834
0.30542314
1.2924738
1.5590746
1.726363
2.2047496
1.7221662
2.0475886
1.6233507
1.229101
1.5509261
1.5808631
1.5312164
1.2122171
1.451037
1.8376703
1.8679886
0.9493524
1.0375918