2.4313114
2.07864
1.4608339
1.70348
0.53659356
2.1563385
1.9075235
2.3126543
2.1815825
2.5115616
2.0181105
1.2550075
2.2112498
1.8740546
1.7714926
1.2062246
3.2021403
2.3773477
2.2375417
3.0079765
4.0205836
1.6407689
1.7407491
1.5556562
3.4320164
2.2638655
1.0144968
1.2792268
1.8048654
1.6891906
2.5412297
1.6687343
1.7843152
2.1596029
1.7640729
2.1111128
2.241385
1.8940626
1.5665834
2.2450616
2.1402543
0.6557333
1.9624466
2.916358
2.2197275
1.5002552
2.6755326
1.8197012
1.8352273
1.352213
1.813516
1.453769
1.2959267
1.8482057
2.0372984
1.4953328
2.2630844
1.4553491
2.1374133
1.1463442
1.7965189
3.2824438
2.0545235
1.8528129
2.543969
1.486037
2.369406
2.3072443
2.2526715
1.9176666
2.4168472
2.299886
1.7429655
2.6578026
1.7205898
2.0662675
1.6139487
1.7022957
2.459032
2.5591872
2.417912
2.123623
1.6804065
1.518792
1.2212918
1.7171032
1.789405
2.3736284
1.7480884
2.8016279
1.0454023
1.9427642
2.0441422
1.2982718
1.3355907
2.493032
2.1502566
1.9257437
1.5777012
1.438615